Day	Rain	EP	Psi	TPD	Zrt	A1	A2	A3	A4
134.0	0.000000e+00	5.682787e-08	-4.325616e+03	9.607319e-09	4.848609e-01	-0.1	-0.25	-1.100000e+01	-152.85
135.0	2.939815e-09	2.606522e-08	-3.103014e+03	4.802836e-09	5.043184e-01	-0.1	-0.25	-1.100000e+01	-152.85
136.0	0.000000e+00	5.607624e-08	-8.554952e+03	1.125014e-08	5.235628e-01	-0.1	-0.25	-1.100000e+01	-152.85
137.0	0.000000e+00	7.191958e-08	-7.044507e+03	1.568459e-08	5.425550e-01	-0.1	-0.25	-1.046728e+01	-152.85
138.0	0.000000e+00	8.984400e-08	-6.924445e+03	2.127868e-08	5.612582e-01	-0.1	-0.25	-9.742283e+00	-152.85
139.0	0.000000e+00	8.047036e-08	-6.653627e+03	2.066390e-08	5.796377e-01	-0.1	-0.25	-9.821959e+00	-152.85
140.0	0.000000e+00	6.187594e-08	-6.957861e+03	1.720971e-08	5.976619e-01	-0.1	-0.25	-1.026962e+01	-152.85
141.0	0.000000e+00	5.988891e-08	-8.009105e+03	1.801618e-08	6.153014e-01	-0.1	-0.25	-1.016510e+01	-152.85
142.0	0.000000e+00	6.035432e-08	-7.597525e+03	1.961096e-08	6.325301e-01	-0.1	-0.25	-9.958420e+00	-152.85
143.0	0.000000e+00	5.203159e-08	-7.474251e+03	1.823462e-08	6.493248e-01	-0.1	-0.25	-1.013679e+01	-152.85
144.0	9.108796e-09	6.295983e-08	-9.904342e+03	2.376471e-08	6.656655e-01	-0.1	-0.25	-9.420094e+00	-152.85
145.0	4.909722e-08	2.362628e-08	-2.522089e+03	9.591313e-09	6.815349e-01	-0.1	-0.25	-1.100000e+01	-152.85
146.0	0.000000e+00	3.029918e-08	-3.858894e+03	1.320777e-08	6.969191e-01	-0.1	-0.25	-1.078827e+01	-152.85
147.0	0.000000e+00	4.748315e-08	-4.787536e+03	2.219278e-08	7.118070e-01	-0.1	-0.25	-9.623816e+00	-152.85
148.0	0.000000e+00	5.603958e-08	-8.151186e+03	2.803449e-08	7.261903e-01	-0.1	-0.25	-8.866730e+00	-152.85
149.0	0.000000e+00	4.999793e-08	-6.486490e+03	2.672661e-08	7.400635e-01	-0.1	-0.25	-9.036231e+00	-152.85
150.0	0.000000e+00	5.279711e-08	-8.833460e+03	3.010798e-08	7.534238e-01	-0.1	-0.25	-8.598006e+00	-152.85
151.0	0.000000e+00	7.700243e-08	-8.958096e+03	4.675915e-08	7.662707e-01	-0.1	-0.25	-6.440014e+00	-152.85
152.0	0.000000e+00	3.287600e-08	-5.610772e+03	2.122122e-08	7.786060e-01	-0.1	-0.25	-9.749729e+00	-152.85
153.0	0.000000e+00	4.781345e-08	-7.040782e+03	3.274210e-08	7.904335e-01	-0.1	-0.25	-8.256624e+00	-152.85
154.0	0.000000e+00	4.720442e-08	-7.769352e+03	3.423077e-08	8.017590e-01	-0.1	-0.25	-8.063692e+00	-152.85
155.0	0.000000e+00	6.041411e-08	-8.129240e+03	4.629886e-08	8.125899e-01	-0.1	-0.25	-6.499668e+00	-152.85
156.0	0.000000e+00	3.787784e-08	-6.559416e+03	3.061753e-08	8.229351e-01	-0.1	-0.25	-8.531968e+00	-152.85
157.0	1.408218e-07	7.941836e-09	-1.969227e+03	6.757238e-09	8.328048e-01	-0.1	-0.25	-1.100000e+01	-152.85
158.0	3.674769e-08	6.056468e-09	-9.595448e+02	5.413439e-09	8.422104e-01	-0.1	-0.25	-1.100000e+01	-152.85
159.0	3.380787e-08	1.897107e-08	-2.326342e+03	1.777661e-08	8.511642e-01	-0.1	-0.25	-1.019615e+01	-152.85
160.0	0.000000e+00	1.811259e-08	-2.631618e+03	1.775547e-08	8.596792e-01	-0.1	-0.25	-1.019889e+01	-152.85
161.0	0.000000e+00	2.615076e-08	-4.767730e+03	2.676590e-08	8.677692e-01	-0.1	-0.25	-9.031139e+00	-152.85
162.0	0.000000e+00	2.873823e-08	-5.176083e+03	3.064835e-08	8.754483e-01	-0.1	-0.25	-8.527974e+00	-152.85
163.0	0.000000e+00	3.693987e-08	-6.278296e+03	4.096523e-08	8.827311e-01	-0.1	-0.25	-7.190907e+00	-152.85
164.0	0.000000e+00	3.854308e-08	-7.460388e+03	4.436202e-08	8.896323e-01	-0.1	-0.25	-6.750683e+00	-152.85
165.0	0.000000e+00	4.237565e-08	-6.801341e+03	5.051787e-08	8.961669e-01	-0.1	-0.25	-5.952884e+00	-152.85
166.0	1.255324e-07	2.330891e-08	-3.063760e+03	2.872813e-08	9.023496e-01	-0.1	-0.25	-8.776835e+00	-152.85
167.0	1.851852e-08	1.475376e-08	-1.905448e+03	1.876476e-08	9.081955e-01	-0.1	-0.25	-1.006809e+01	-152.85
168.0	0.000000e+00	2.557635e-08	-3.432069e+03	3.350930e-08	9.137191e-01	-0.1	-0.25	-8.157195e+00	-152.85
169.0	1.960880e-07	8.890467e-09	-1.910232e+03	1.197759e-08	9.189350e-01	-0.1	-0.25	-1.094770e+01	-152.85
170.0	0.000000e+00	3.121067e-08	-4.333418e+03	4.316433e-08	9.238574e-01	-0.1	-0.25	-6.905902e+00	-152.85
171.0	0.000000e+00	3.660187e-08	-5.949314e+03	5.188192e-08	9.285002e-01	-0.1	-0.25	-5.776103e+00	-152.85
172.0	0.000000e+00	1.883539e-08	-3.413712e+03	2.732202e-08	9.328771e-01	-0.1	-0.25	-8.959066e+00	-152.85
173.0	0.000000e+00	2.747875e-08	-4.559212e+03	4.072727e-08	9.370012e-01	-0.1	-0.25	-7.221745e+00	-152.85
174.0	0.000000e+00	3.369989e-08	-5.933096e+03	5.096446e-08	9.408852e-01	-0.1	-0.25	-5.895006e+00	-152.85
175.0	9.108796e-09	1.700807e-08	-3.759363e+03	2.620953e-08	9.445417e-01	-0.1	-0.25	-9.103245e+00	-152.85
176.0	0.000000e+00	3.376743e-08	-5.763493e+03	5.295710e-08	9.479824e-01	-0.1	-0.25	-5.636759e+00	-152.85
177.0	5.820602e-08	3.615307e-08	-5.012293e+03	5.763165e-08	9.512189e-01	-0.1	-0.25	-5.030938e+00	-152.85
178.0	9.108796e-09	2.975185e-08	-4.699973e+03	4.815324e-08	9.542621e-01	-0.1	-0.25	-6.259340e+00	-152.85
179.0	0.000000e+00	3.583688e-08	-5.891941e+03	5.882747e-08	9.571226e-01	-0.1	-0.25	-5.000000e+00	-152.85
180.0	0.000000e+00	2.814881e-08	-4.304685e+03	4.681647e-08	9.598105e-01	-0.1	-0.25	-6.432586e+00	-152.85
181.0	0.000000e+00	2.859127e-08	-4.674506e+03	4.813326e-08	9.623355e-01	-0.1	-0.25	-6.261929e+00	-152.85
182.0	0.000000e+00	2.828250e-08	-5.957423e+03	4.815269e-08	9.647067e-01	-0.1	-0.25	-6.259412e+00	-152.85
183.0	0.000000e+00	2.539487e-08	-5.536249e+03	4.369078e-08	9.669329e-01	-0.1	-0.25	-6.837675e+00	-152.85
184.0	0.000000e+00	1.965407e-08	-4.516543e+03	3.414222e-08	9.690225e-01	-0.1	-0.25	-8.075168e+00	-152.85
185.0	0.000000e+00	2.264241e-08	-4.895131e+03	3.968397e-08	9.709834e-01	-0.1	-0.25	-7.356957e+00	-152.85
186.0	0.000000e+00	2.645480e-08	-5.943435e+03	4.675122e-08	9.728230e-01	-0.1	-0.25	-6.441042e+00	-152.85
187.0	0.000000e+00	5.146047e-08	-6.631594e+03	4.143305e-08	9.745486e-01	-0.1	-0.25	-7.130276e+00	-152.85
188.0	2.051968e-07	2.002078e-08	-3.046013e+03	1.731719e-08	9.761669e-01	-0.1	-0.25	-1.025569e+01	-152.85
189.0	0.000000e+00	4.209893e-08	-3.421546e+03	3.756543e-08	9.776843e-01	-0.1	-0.25	-7.631521e+00	-152.85
190.0	1.234954e-08	5.352104e-08	-5.528144e+03	4.819193e-08	9.791068e-01	-0.1	-0.25	-6.254326e+00	-152.85
191.0	0.000000e+00	3.300492e-08	-4.103989e+03	2.961082e-08	9.804401e-01	-0.1	-0.25	-8.662438e+00	-152.85
192.0	0.000000e+00	3.661240e-08	-5.048077e+03	3.247325e-08	9.816897e-01	-0.1	-0.25	-8.291467e+00	-152.85
193.0	1.073032e-07	4.128444e-08	-4.518089e+03	3.603038e-08	9.828606e-01	-0.1	-0.25	-7.830463e+00	-152.85
194.0	7.055556e-08	9.820410e-09	-2.042335e+03	8.408757e-09	9.839577e-01	-0.1	-0.25	-1.100000e+01	-152.85
195.0	6.732639e-08	3.437603e-08	-3.419324e+03	2.882999e-08	9.849855e-01	-0.1	-0.25	-8.763634e+00	-152.85
196.0	0.000000e+00	4.536859e-08	-4.833193e+03	3.723557e-08	9.859482e-01	-0.1	-0.25	-7.674270e+00	-152.85
197.0	0.000000e+00	4.794022e-08	-5.587698e+03	3.849496e-08	1.000000e+00	-0.1	-0.25	-7.511053e+00	-152.85
198.0	0.000000e+00	4.676014e-08	-5.014899e+03	3.673523e-08	1.000000e+00	-0.1	-0.25	-7.739114e+00	-152.85
199.0	0.000000e+00	4.188391e-08	-4.868442e+03	3.220173e-08	1.000000e+00	-0.1	-0.25	-8.326655e+00	-152.85
200.0	0.000000e+00	5.584837e-08	-5.105878e+03	4.204515e-08	1.000000e+00	-0.1	-0.25	-7.050949e+00	-152.85
201.0	9.108796e-09	3.079312e-08	-3.958538e+03	2.271382e-08	1.000000e+00	-0.1	-0.25	-9.556289e+00	-152.85
202.0	0.000000e+00	4.571741e-08	-6.116178e+03	3.306732e-08	1.000000e+00	-0.1	-0.25	-8.214476e+00	-152.85
203.0	0.000000e+00	4.281453e-08	-6.564329e+03	3.039148e-08	1.000000e+00	-0.1	-0.25	-8.561264e+00	-152.85
204.0	0.000000e+00	6.010836e-08	-7.111956e+03	4.190553e-08	1.000000e+00	-0.1	-0.25	-7.069044e+00	-152.85
205.0	0.000000e+00	5.337461e-08	-5.713238e+03	3.657910e-08	1.000000e+00	-0.1	-0.25	-7.759349e+00	-152.85
206.0	0.000000e+00	4.512644e-08	-4.697716e+03	3.042912e-08	1.000000e+00	-0.1	-0.25	-8.556386e+00	-152.85
207.0	0.000000e+00	5.317453e-08	-5.351771e+03	3.530927e-08	1.000000e+00	-0.1	-0.25	-7.923919e+00	-152.85
208.0	0.000000e+00	5.312979e-08	-4.893285e+03	3.477531e-08	1.000000e+00	-0.1	-0.25	-7.993120e+00	-152.85
209.0	0.000000e+00	4.805621e-08	-6.066192e+03	3.102944e-08	1.000000e+00	-0.1	-0.25	-8.478585e+00	-152.85
210.0	7.966435e-08	1.579682e-08	-2.357030e+03	1.007123e-08	1.000000e+00	-0.1	-0.25	-1.100000e+01	-152.85
211.0	0.000000e+00	3.877592e-08	-4.289875e+03	2.443009e-08	1.000000e+00	-0.1	-0.25	-9.333860e+00	-152.85
212.0	4.909722e-08	2.988471e-08	-4.482068e+03	1.862223e-08	1.000000e+00	-0.1	-0.25	-1.008656e+01	-152.85
213.0	0.000000e+00	4.199838e-08	-5.036203e+03	2.590671e-08	1.000000e+00	-0.1	-0.25	-9.142490e+00	-152.85
214.0	0.000000e+00	4.744272e-08	-6.153563e+03	2.899246e-08	1.000000e+00	-0.1	-0.25	-8.742577e+00	-152.85
215.0	0.000000e+00	4.723101e-08	-4.884220e+03	2.861390e-08	1.000000e+00	-0.1	-0.25	-8.791638e+00	-152.85
216.0	0.000000e+00	2.955899e-08	-4.250183e+03	1.776740e-08	1.000000e+00	-0.1	-0.25	-1.019735e+01	-152.85
217.0	0.000000e+00	3.792313e-08	-5.266831e+03	2.263243e-08	1.000000e+00	-0.1	-0.25	-9.566838e+00	-152.85
218.0	0.000000e+00	2.122232e-08	-1.739390e+03	1.258555e-08	1.000000e+00	-0.1	-0.25	-1.086891e+01	-152.85
219.0	6.168981e-09	7.215611e-09	-8.501605e+02	4.254297e-09	1.000000e+00	-0.1	-0.25	-1.100000e+01	-152.85
220.0	6.438657e-08	1.797377e-08	-7.041360e+02	1.054475e-08	1.000000e+00	-0.1	-0.25	-1.100000e+01	-152.85
221.0	2.939815e-09	3.136691e-08	-3.054834e+03	1.832059e-08	1.000000e+00	-0.1	-0.25	-1.012565e+01	-152.85
222.0	0.000000e+00	4.349082e-08	-5.105005e+03	2.530548e-08	1.000000e+00	-0.1	-0.25	-9.220410e+00	-152.85
223.0	0.000000e+00	6.121958e-08	-8.087243e+03	3.550495e-08	1.000000e+00	-0.1	-0.25	-7.898558e+00	-152.85
224.0	0.000000e+00	7.095739e-08	-9.762863e+03	4.104493e-08	1.000000e+00	-0.1	-0.25	-7.180578e+00	-152.85
225.0	0.000000e+00	6.486196e-08	-6.979063e+03	3.744128e-08	1.000000e+00	-0.1	-0.25	-7.647610e+00	-152.85
226.0	4.533218e-07	2.797404e-08	-3.477671e+03	1.612319e-08	1.000000e+00	-0.1	-0.25	-1.041044e+01	-152.85
227.0	6.732639e-08	3.171532e-08	-3.812961e+03	1.826153e-08	1.000000e+00	-0.1	-0.25	-1.013331e+01	-152.85
228.0	7.966435e-08	4.963015e-08	-5.677453e+03	2.856429e-08	1.000000e+00	-0.1	-0.25	-8.798068e+00	-152.85
229.0	0.000000e+00	3.116334e-08	-4.825975e+03	1.793388e-08	1.000000e+00	-0.1	-0.25	-1.017577e+01	-152.85
230.0	0.000000e+00	4.981517e-08	-6.077323e+03	2.868020e-08	1.000000e+00	-0.1	-0.25	-8.783047e+00	-152.85
231.0	3.380787e-08	2.722730e-08	-3.400265e+03	1.568936e-08	1.000000e+00	-0.1	-0.25	-1.046666e+01	-152.85
232.0	9.108796e-09	2.814633e-08	-3.049478e+03	1.624024e-08	1.000000e+00	-0.1	-0.25	-1.039526e+01	-152.85
233.0	0.000000e+00	3.111476e-08	-3.367876e+03	1.798246e-08	1.000000e+00	-0.1	-0.25	-1.016947e+01	-152.85
234.0	0.000000e+00	4.449652e-08	-3.035091e+03	2.576969e-08	1.000000e+00	-0.1	-0.25	-9.160249e+00	-152.85
235.0	0.000000e+00	4.147530e-08	-3.266086e+03	2.408026e-08	1.000000e+00	-0.1	-0.25	-9.379198e+00	-152.85
236.0	0.000000e+00	4.050318e-08	-4.377998e+03	2.358247e-08	1.000000e+00	-0.1	-0.25	-9.443712e+00	-152.85
237.0	0.000000e+00	4.101152e-08	-5.497990e+03	2.395376e-08	1.000000e+00	-0.1	-0.25	-9.395593e+00	-152.85
238.0	0.000000e+00	4.522790e-08	-4.917288e+03	2.650821e-08	1.000000e+00	-0.1	-0.25	-9.064536e+00	-152.85
239.0	0.000000e+00	4.034794e-08	-5.536437e+03	2.373770e-08	1.000000e+00	-0.1	-0.25	-9.423594e+00	-152.85
240.0	0.000000e+00	2.587310e-08	-3.204296e+03	1.528430e-08	1.000000e+00	-0.1	-0.25	-1.051915e+01	-152.85
241.0	0.000000e+00	3.523756e-08	-4.257440e+03	2.090828e-08	1.000000e+00	-0.1	-0.25	-9.790287e+00	-152.85
242.0	0.000000e+00	3.352232e-08	-5.405640e+03	1.998463e-08	1.000000e+00	-0.1	-0.25	-9.909993e+00	-152.85
243.0	0.000000e+00	4.871813e-08	-5.887887e+03	2.918696e-08	1.000000e+00	-0.1	-0.25	-8.717370e+00	-152.85
244.0	0.000000e+00	4.880528e-08	-4.881535e+03	2.938916e-08	1.000000e+00	-0.1	-0.25	-8.691165e+00	-152.85
